1761254943301 36.60883712768555 0
1761254947800 31.432411193847656 1
1761254952513 31.310916900634766 2
1761254957156 31.311355590820312 3
1761254961934 31.207794189453125 4
1761254966502 30.898456573486328 5
1761254971291 29.61562728881836 6
1761254976307 29.24460792541504 7
1761254980876 29.279647827148438 8
1761254985491 29.06942367553711 9
1761254990059 28.99274444580078 10
1761254994622 29.010601043701172 11
1761254999260 28.790451049804688 12
1761255003800 28.803913116455078 13
1761255008378 28.60865020751953 14
1761255013243 28.524139404296875 15
1761255018075 28.4549617767334 16
1761255022673 28.406600952148438 17
1761255027228 28.398324966430664 18
1761255031906 28.147478103637695 19
1761255037238 28.133108139038086 20
1761255042204 28.128665924072266 21
1761255047139 27.99044418334961 22
1761255051984 27.918777465820312 23
1761255056748 27.905033111572266 24
1761255061549 27.906063079833984 25
1761255066276 27.412677764892578 26
1761255071000 26.831579208374023 27
1761255075645 26.696765899658203 28
1761255080657 26.68875503540039 29
1761255085632 26.61896324157715 30
1761255090670 26.61909294128418 31
1761255095587 26.453819274902344 32
1761255100721 26.39029884338379 33
1761255105882 25.829429626464844 34
1761255111319 25.579391479492188 35
1761255116873 25.421876907348633 36
1761255122301 25.271631240844727 37
1761255127454 25.344209671020508 38
1761255132429 25.149044036865234 39
1761255137383 24.947166442871094 40
1761255142405 24.937633514404297 41
1761255147581 24.796302795410156 42
1761255152501 24.782806396484375 43
1761255157409 24.60567283630371 44
1761255162795 24.537616729736328 45
1761255168081 24.434810638427734 46
1761255173079 24.432817459106445 47
1761255178194 24.610883712768555 48
1761255183302 24.33071517944336 49
1761255188212 24.30938720703125 50
1761255193051 24.24822425842285 51
1761255198086 24.211151123046875 52
1761255203158 24.22201156616211 53
1761255208263 24.184337615966797 54
1761255213841 24.050142288208008 55
1761255219814 24.13991355895996 56
1761255225081 24.085861206054688 57
1761255230222 23.99197769165039 58
1761255235612 23.915145874023438 59
1761255241232 23.954978942871094 60
1761255246442 24.012798309326172 61
1761255251571 23.914499282836914 62
1761255256385 23.881864547729492 63
1761255261000 23.84913444519043 64
1761255265765 23.724645614624023 65
1761255270481 23.73981475830078 66
1761255275646 23.74070167541504 67
1761255280406 23.743064880371094 68
1761255285321 23.68158531188965 69
1761255290290 23.662063598632812 70
1761255294879 23.513748168945312 71
1761255299679 23.463804244995117 72
1761255304365 23.48511505126953 73
1761255308966 23.425153732299805 74
1761255313534 23.406028747558594 75
1761255318105 23.40719223022461 76
1761255322771 23.390871047973633 77
1761255328071 23.39863395690918 78
1761255332902 23.27602767944336 79
1761255338104 23.353988647460938 80
1761255343573 23.404067993164062 81
1761255348932 23.39781951904297 82
1761255353622 23.211952209472656 83
1761255358339 23.232879638671875 84
1761255363068 23.185848236083984 85
1761255367731 23.29715347290039 86
1761255372395 23.237424850463867 87
1761255376908 23.298938751220703 88
1761255381423 23.16657829284668 89
1761255385997 23.16925048828125 90
1761255390550 23.161752700805664 91
1761254943301 36.60883712768555 0
