1761254943301 4551.0997650505515 0
1761254947800 3501.875884363511 1
1761254952513 3485.070732421875 2
1761254957156 3475.792742130055 3
1761254961934 3465.8803462488513 4
1761254966502 3324.0612880572153 5
1761254971291 2928.190424661075 6
1761254976307 2849.2323940142464 7
1761254980876 2849.1761764705884 8
1761254985491 2822.520063045726 9
1761254990059 2807.8454150390626 10
1761254994622 2833.1360999253216 11
1761254999260 2770.858466653263 12
1761255003800 2800.8601088579962 13
1761255008378 2767.8871762982535 14
1761255013243 2753.652319910386 15
1761255018075 2749.722486787684 16
1761255022673 2750.9604273897057 17
1761255027228 2746.9352141256895 18
1761255031906 2710.825468606388 19
1761255037238 2701.282545596852 20
1761255042204 2711.8019762465533 21
1761255047139 2687.8419555664063 22
1761255051984 2677.473009248621 23
1761255056748 2668.3820567411535 24
1761255061549 2682.892430778952 25
1761255066276 2647.021461827895 26
1761255071000 2615.0229575482535 27
1761255075645 2587.0516063017003 28
1761255080657 2596.851216538373 29
1761255085632 2575.1984965245865 30
1761255090670 2569.423036965763 31
1761255095587 2547.1915945255055 32
1761255100721 2549.5301545266543 33
1761255105882 2513.336726074219 34
1761255111319 2500.586446317785 35
1761255116873 2492.9334046128215 36
1761255122301 2471.8934927188648 37
1761255127454 2493.1075007180607 38
1761255132429 2477.394873046875 39
1761255137383 2458.3868317727483 40
1761255142405 2449.0967787798713 41
1761255147581 2442.050996237362 42
1761255152501 2434.662423023897 43
1761255157409 2426.991776051241 44
1761255162795 2423.7751783662684 45
1761255168081 2407.502314022289 46
1761255173079 2401.027739760455 47
1761255178194 2416.2870520019533 48
1761255183302 2397.7053239889706 49
1761255188212 2393.614731014476 50
1761255193051 2378.8912563189338 51
1761255198086 2379.562332691866 52
1761255203158 2381.651713651769 53
1761255208263 2369.7575827205883 54
1761255213841 2356.9792954388786 55
1761255219814 2376.7948028205424 56
1761255225081 2372.0064647001377 57
1761255230222 2356.3852205882354 58
1761255235612 2347.064443359375 59
1761255241232 2348.1440642951516 60
1761255246442 2338.8081539378445 61
1761255251571 2343.3106700224034 62
1761255256385 2341.480993077895 63
1761255261000 2338.9436874569165 64
1761255265765 2329.0255187270222 65
1761255270481 2323.6166411994486 66
1761255275646 2330.4459794347426 67
1761255280406 2341.6106901999083 68
1761255285321 2329.6339891142 69
1761255290290 2330.1749784581802 70
1761255294879 2301.2635727826287 71
1761255299679 2296.4387916475184 72
1761255304365 2297.1480365349266 73
1761255308966 2290.2395874023437 74
1761255313534 2285.6016039321003 75
1761255318105 2281.5007947495405 76
1761255322771 2283.201941205193 77
1761255328071 2288.003326631434 78
1761255332902 2266.5698703900507 79
1761255338104 2276.802358757468 80
1761255343573 2290.2178997443702 81
1761255348932 2277.791774184283 82
1761255353622 2258.5875333898207 83
1761255358339 2264.307726907169 84
1761255363068 2252.6243409639246 85
1761255367731 2269.700877541935 86
1761255372395 2273.93860487994 87
1761255376908 2266.2325611787683 88
1761255381423 2248.1466605870864 89
1761255385997 2252.5654884966684 90
1761255390550 2240.3353262867645 91
1761254943301 4551.0997650505515 0
