1761293715101 0.001 0
1761293762914 0.001 1
1761293810717 0.001 2
1761293858502 0.001 3
1761293906305 0.001 4
1761293954092 0.001 5
1761294001909 0.001 6
1761294049710 0.001 7
1761294097549 0.001 8
1761294145393 0.001 9
1761294193172 0.001 10
1761294240968 0.001 11
1761294288793 0.001 12
1761294336588 0.001 13
1761294384401 0.001 14
1761294432183 0.001 15
1761294479955 0.001 16
1761294527718 0.001 17
1761294576273 0.001 18
1761294624080 0.001 19
1761294671869 0.001 20
1761294719700 0.001 21
1761294767503 0.001 22
1761294815318 0.001 23
1761294863115 0.001 24
1761294910936 0.0005 25
1761294958781 0.0005 26
1761295006559 0.0005 27
1761295054385 0.0005 28
1761295102162 0.0005 29
1761295149986 0.0005 30
1761295197777 0.0005 31
1761295245568 0.0005 32
1761295293351 0.0005 33
1761295341197 0.0005 34
1761295388973 0.0005 35
1761295437902 0.0005 36
1761295485733 0.0005 37
1761295533530 0.0005 38
1761295581320 0.00025 39
1761295629159 0.00025 40
1761295676987 0.00025 41
1761295724760 0.00025 42
1761295772571 0.00025 43
1761295820399 0.00025 44
1761295868221 0.00025 45
1761295916062 0.00025 46
1761295963884 0.00025 47
