1761293715047 2922.258705112882 0
1761293762856 1964.0531021275833 1
1761293810654 1941.4019632438021 2
1761293858446 1932.306386393603 3
1761293906247 1926.088483037412 4
1761293954032 1915.962447892374 5
1761294001850 1912.3032275614864 6
1761294049659 1908.3977757135297 7
1761294097492 1900.1335502475604 8
1761294145334 1898.395103761167 9
1761294193105 1894.413998451627 10
1761294240904 1891.6983044139279 11
1761294288736 1893.6051080048974 12
1761294336526 1884.8870919684182 13
1761294384350 1885.080994283017 14
1761294432120 1878.3627088789824 15
1761294479895 1876.8978505534228 16
1761294527660 1871.1605471272694 17
1761294576218 1873.8885792361061 18
1761294624011 1865.6409270224149 19
1761294671805 1865.1149882722805 20
1761294719642 1863.89310620874 21
1761294767447 1861.4659024401728 22
1761294815241 1854.7604519376525 23
1761294863048 1855.953816217889 24
1761294910872 1836.3578079871825 25
1761294958700 1830.4371064598881 26
1761295006501 1825.216435569299 27
1761295054324 1821.3122003601284 28
1761295102103 1815.5769073801664 29
1761295149923 1813.7712284618076 30
1761295197719 1809.4117241037152 31
1761295245506 1807.1260958298203 32
1761295293287 1799.8792110754073 33
1761295341126 1798.737956102899 34
1761295388918 1793.1123213653038 35
1761295437833 1792.8923885025742 36
1761295485675 1783.8743358309862 37
1761295533465 1783.4332166073928 38
1761295581263 1764.7385447312715 39
1761295629102 1759.2553311511103 40
1761295676922 1756.3731859034156 41
1761295724703 1752.0715525437715 42
1761295772502 1748.2279044325398 43
1761295820341 1741.7399240837578 44
1761295868158 1740.2681957643424 45
1761295915995 1735.9902530148984 46
1761295963825 1732.237836695429 47
