1761297396642 3231.2655064334276 0
1761298829201 2108.6436491483387 1
1761300261844 2007.5152318803368 2
1761301694818 1960.0936549785627 3
1761303127451 1942.1940742781735 4
1761304560226 1939.164283515939 5
1761305993368 1935.8081371425624 6
1761307432212 1924.7076146928368 7
1761308864902 1924.6079152016362 8
1761310297697 1910.4759256601608 9
1761311730889 1910.7361396237711 10
1761313164702 1908.626300588404 11
1761314597561 1901.262857045153 12
1761316030508 1898.7708881785484 13
1761317464878 1891.3101533348881 14
