1761272028835 0.001 0
1761272522784 0.001 1
1761273014849 0.001 2
1761273506698 0.001 3
1761273998553 0.001 4
1761274490203 0.001 5
1761274982263 0.001 6
1761275474203 0.001 7
1761275966090 0.001 8
1761276458153 0.001 9
1761276950211 0.001 10
1761277442306 0.001 11
1761277934002 0.001 12
1761278425663 0.001 13
1761278917293 0.001 14
1761279408920 0.001 15
1761279900512 0.001 16
1761280392104 0.001 17
1761280883564 0.001 18
1761281375103 0.001 19
1761281866556 0.001 20
1761282358160 0.001 21
1761282850030 0.001 22
1761283341408 0.001 23
1761283832814 0.001 24
1761284324272 0.001 25
1761284815782 0.001 26
1761285307250 0.001 27
1761285798674 0.001 28
1761286290148 0.001 29
1761286782926 0.001 30
1761287274456 0.001 31
1761287766014 0.001 32
1761288257695 0.001 33
1761288749114 0.001 34
1761289240703 0.001 35
1761289732187 0.0005 36
1761290223682 0.0005 37
1761290715065 0.0005 38
1761291207966 0.0005 39
1761291699192 0.0005 40
1761292190683 0.0005 41
1761292681960 0.0005 42
1761293173193 0.0005 43
1761293664545 0.0005 44
