1761272028777 3530.9878818236043 0
1761272522729 3101.912728275689 1
1761273014790 2984.9190109025185 2
1761273506640 2713.231209861151 3
1761273998498 2106.084381559002 4
1761274490122 2049.059247267643 5
1761274982210 2032.497821514423 6
1761275474152 2018.7329820530013 7
1761275966019 2017.100078175454 8
1761276458089 2016.2824017495157 9
1761276950157 1931.9984576535144 10
1761277442198 1905.9928571348487 11
1761277933954 1897.486225815783 12
1761278425624 1895.7539541811675 13
1761278917235 1894.5509582589607 14
1761279408868 1890.4484383969575 15
1761279900457 1888.4153773836647 16
1761280392052 1881.0073179120175 17
1761280883490 1877.8923461773913 18
1761281375053 1877.3061395901352 19
1761281866504 1875.1772424498602 20
1761282358117 1871.1798949214265 21
1761282849981 1869.4790728598593 22
1761283341351 1865.0735883570428 23
1761283832761 1868.5252834105465 24
1761284324214 1854.8746619591345 25
1761284815727 1859.5570933082483 26
1761285307200 1851.985241264755 27
1761285798620 1856.1393950470006 28
1761286290091 1849.412702908609 29
1761286782865 1845.6809768764351 30
1761287274396 1841.257774519455 31
1761287765958 1843.263945306894 32
1761288257641 1836.670890168673 33
1761288749060 1829.1234412560095 34
1761289240649 1825.0333149643907 35
1761289732124 1799.5843147076366 36
1761290223628 1788.4722540906869 37
1761290715010 1781.0332474122777 38
1761291207911 1774.2746077492645 39
1761291699130 1766.1375869768494 40
1761292190630 1760.3671436331713 41
1761292681904 1754.9344915484178 42
1761293173134 1744.7954070729586 43
1761293664494 1736.5993921431007 44
