1761651198966 39.85805892944336 0
1761651248211 38.636592864990234 1
1761651298875 41.85405731201172 2
1761651349942 40.03777313232422 3
1761651400960 39.28765106201172 4
1761651451268 39.28746032714844 5
1761651500371 39.7177619934082 6
1761651549176 38.79220199584961 7
1761651598141 37.87635040283203 8
1761651646993 38.48125457763672 9
1761651695914 38.577117919921875 10
1761651747039 37.849979400634766 11
1761651796001 38.69685363769531 12
1761651844814 37.71958923339844 13
1761651896158 37.76487731933594 14
1761651944913 38.61025619506836 15
1761651993718 38.19219207763672 16
1761652042438 37.86525344848633 17
1761652091224 38.65800857543945 18
1761652140087 38.68891525268555 19
1761652188863 37.659976959228516 20
1761652237667 38.37071228027344 21
1761652286366 37.48038101196289 22
1761652335228 37.55807113647461 23
1761652384713 37.38913345336914 24
1761652433729 37.46223831176758 25
1761652482738 37.39042282104492 26
1761652531719 37.64406204223633 27
1761652580475 37.586524963378906 28
1761652629286 37.240909576416016 29
1761652680256 37.74695587158203 30
1761652730208 37.4285774230957 31
1761652783180 37.58619689941406 32
1761652832875 37.78667449951172 33
