1761651198966 0.030018150806427002 0
1761651248211 0.16574126482009888 1
1761651298875 0.260425865650177 2
1761651349942 0.20206165313720703 3
1761651400960 0.36274129152297974 4
1761651451268 0.42127013206481934 5
1761651500371 0.4998156428337097 6
1761651549176 0.6956451535224915 7
1761651598141 0.847871720790863 8
1761651646993 0.8682422637939453 9
1761651695914 0.8627939820289612 10
1761651747039 0.9030486941337585 11
1761651796001 0.9119731783866882 12
1761651844814 0.8888230919837952 13
1761651896158 0.9070686101913452 14
1761651944913 0.9098036289215088 15
1761651993718 0.9206924438476562 16
1761652042438 0.9055910110473633 17
1761652091224 0.9042388200759888 18
1761652140087 0.9156661033630371 19
1761652188863 0.9196094870567322 20
1761652237667 0.9229182004928589 21
1761652286366 0.9165250062942505 22
1761652335228 0.9249253273010254 23
1761652384713 0.9172528386116028 24
1761652433729 0.9120522141456604 25
1761652482738 0.9219213724136353 26
1761652531719 0.9208040833473206 27
1761652580475 0.9185266494750977 28
1761652629286 0.9184228777885437 29
1761652680256 0.9237202405929565 30
1761652730208 0.9238138198852539 31
1761652783180 0.926655113697052 32
1761652832875 0.9251755475997925 33
