1761651198966 6.115976333618164 0
1761651248211 6.101743221282959 1
1761651298875 5.95643949508667 2
1761651349942 5.9792561531066895 3
1761651400960 5.316643714904785 4
1761651451268 4.970841407775879 5
1761651500371 4.450107574462891 6
1761651549176 3.294414520263672 7
1761651598141 2.2490971088409424 8
1761651646993 2.002122640609741 9
1761651695914 2.2642223834991455 10
1761651747039 1.6438727378845215 11
1761651796001 1.5966860055923462 12
1761651844814 1.7887544631958008 13
1761651896158 1.5623583793640137 14
1761651944913 1.5627278089523315 15
1761651993718 1.399365782737732 16
1761652042438 1.6630334854125977 17
1761652091224 1.7026456594467163 18
1761652140087 1.4898031949996948 19
1761652188863 1.4583784341812134 20
1761652237667 1.3998329639434814 21
1761652286366 1.4916688203811646 22
1761652335228 1.3882437944412231 23
1761652384713 1.5207406282424927 24
1761652433729 1.5842649936676025 25
1761652482738 1.4084728956222534 26
1761652531719 1.4653271436691284 27
1761652580475 1.4223620891571045 28
1761652629286 1.4406124353408813 29
1761652680256 1.3785842657089233 30
1761652730208 1.4053839445114136 31
1761652783180 1.3710777759552002 32
1761652832875 1.3726775646209717 33
