1761651198966 0.9287086129188538 0
1761651248211 0.9540940523147583 1
1761651298875 0.9693136811256409 2
1761651349942 0.9642219543457031 3
1761651400960 0.9729921817779541 4
1761651451268 0.9577972888946533 5
1761651500371 0.9657583236694336 6
1761651549176 0.9477182626724243 7
1761651598141 0.9712227582931519 8
1761651646993 0.9588096141815186 9
1761651695914 0.9429945349693298 10
1761651747039 0.9732916355133057 11
1761651796001 0.9736495018005371 12
1761651844814 0.9719006419181824 13
1761651896158 0.96807461977005 14
1761651944913 0.9659411311149597 15
1761651993718 0.9736940860748291 16
1761652042438 0.9588852524757385 17
1761652091224 0.9718526601791382 18
1761652140087 0.9526686072349548 19
1761652188863 0.9734093546867371 20
1761652237667 0.9704420566558838 21
1761652286366 0.9706144332885742 22
1761652335228 0.9737369418144226 23
1761652384713 0.9712457656860352 24
1761652433729 0.9741582274436951 25
1761652482738 0.9717312455177307 26
1761652531719 0.9758766889572144 27
1761652580475 0.9742932319641113 28
1761652629286 0.9731661677360535 29
1761652680256 0.9743897914886475 30
1761652730208 0.9771745204925537 31
1761652783180 0.9767308235168457 32
1761652832875 0.9770830869674683 33
