1761651198966 3.518948793411255 0
1761651248211 2.892300605773926 1
1761651298875 2.235522508621216 2
1761651349942 2.4106922149658203 3
1761651400960 2.042114019393921 4
1761651451268 2.566572427749634 5
1761651500371 2.298046827316284 6
1761651549176 2.9601705074310303 7
1761651598141 2.150529384613037 8
1761651646993 2.5637762546539307 9
1761651695914 3.173474073410034 10
1761651747039 1.9660632610321045 11
1761651796001 1.8914947509765625 12
1761651844814 1.903853416442871 13
1761651896158 2.0785248279571533 14
1761651944913 2.109877347946167 15
1761651993718 1.829271912574768 16
1761652042438 2.4252591133117676 17
1761652091224 2.021273136138916 18
1761652140087 2.7722814083099365 19
1761652188863 1.8726152181625366 20
1761652237667 2.0310218334198 21
1761652286366 2.0169858932495117 22
1761652335228 1.8471027612686157 23
1761652384713 2.119014263153076 24
1761652433729 1.8101656436920166 25
1761652482738 1.9134780168533325 26
1761652531719 1.7645246982574463 27
1761652580475 1.907909631729126 28
1761652629286 1.8743194341659546 29
1761652680256 1.7939904928207397 30
1761652730208 1.7630615234375 31
1761652783180 1.7009198665618896 32
1761652832875 1.725242018699646 33
