1761651198966 2.919776439666748 0
1761651248211 2.137749433517456 1
1761651298875 2.5167124271392822 2
1761651349942 2.8563215732574463 3
1761651400960 2.5883312225341797 4
1761651451268 2.3297994136810303 5
1761651500371 2.6559040546417236 6
1761651549176 2.459702491760254 7
1761651598141 2.4436564445495605 8
1761651646993 2.5183517932891846 9
1761651695914 2.5906782150268555 10
1761651747039 2.5509772300720215 11
1761651796001 2.5803892612457275 12
1761651844814 2.6081340312957764 13
1761651896158 2.2473459243774414 14
1761651944913 2.388190269470215 15
1761651993718 2.3359484672546387 16
1761652042438 2.346202850341797 17
1761652091224 2.5679869651794434 18
1761652140087 2.4402542114257812 19
1761652188863 2.408414125442505 20
1761652237667 2.2298848628997803 21
1761652286366 2.4280078411102295 22
1761652335228 2.403947114944458 23
1761652384713 2.4114153385162354 24
1761652433729 2.292642831802368 25
1761652482738 2.354402542114258 26
1761652531719 2.3741469383239746 27
1761652580475 2.299899101257324 28
1761652629286 2.3694982528686523 29
1761652680256 2.3397932052612305 30
1761652730208 2.3576111793518066 31
1761652783180 2.4144785404205322 32
1761652832875 2.336444854736328 33
