1761651198966 1021.7567353102553 0
1761651248211 803.187831827618 1
1761651298875 782.2950137453422 2
1761651349942 769.965455390143 3
1761651400960 759.9529322029542 4
1761651451268 750.8983372992573 5
1761651500371 744.1138258295118 6
1761651549176 737.445508591093 7
1761651598141 730.1925156542562 8
1761651646993 725.8525972573345 9
1761651695914 720.8955182754104 10
1761651747039 717.0435749635858 11
1761651796001 713.8226583153586 12
1761651844814 710.1957570693339 13
1761651896158 707.7232734346687 14
1761651944913 704.7855251651416 15
1761651993718 701.4626756770746 16
1761652042438 699.4851332388567 17
1761652091224 696.0043027244293 18
1761652140087 693.468237036082 19
1761652188863 682.981589905747 20
1761652237667 680.2107779791835 21
1761652286366 678.2281321543439 22
1761652335228 678.0208157650814 23
1761652384713 676.2905260733186 24
1761652433729 675.0245441546796 25
1761652482738 672.8640732097371 26
1761652531719 672.1857961427233 27
1761652580475 671.4467690677966 28
1761652629286 669.9330357311384 29
1761652680256 665.290072474847 30
1761652730208 663.3845148781315 31
1761652783180 661.6498110541764 32
1761652832875 661.119998610874 33
