1761321874904 3507.0203258867177 0
1761322061159 3298.3748940823157 1
1761322247986 3293.9672758639513 2
1761322436065 3290.290262005069 3
1761322622435 3284.7131187218906 4
1761322809000 1424.4497547087271 5
1761322994826 1111.4502664203626 6
1761323181040 1085.829699082705 7
1761323368468 1066.543879104873 8
1761323555644 1051.1349275505618 9
1761323741515 1039.647422134894 10
1761323926925 1031.7687457422398 11
1761324112479 1026.6016869115363 12
1761324298886 1020.9807667932162 13
1761324484366 1014.2560425712138 14
1761324669676 1010.043753667917 15
1761324855377 1005.6817930767729 16
1761325040695 1000.20915800668 17
1761325226835 997.4426150655165 18
1761325412308 993.9274566042399 19
1761325598054 991.9253486771687 20
1761325783354 986.1090055403878 21
1761325968886 984.1086725784561 22
1761326155418 981.6782643808483 23
1761326342107 978.4942866883177 24
1761326529636 976.8670068537235 25
1761326716468 974.3047762668597 26
1761326902199 971.3246699800245 27
1761327092136 969.1459382709704 28
1761327278721 965.798962064772 29
1761327464914 963.9455680835824 30
1761327651475 962.5000400185904 31
1761327840200 961.4893053266359 32
1761328027712 958.5549709695526 33
1761328215045 956.5307807207746 34
1761328400782 954.1683634730489 35
1761328587118 953.5925957313649 36
1761328775551 938.8297128396625 37
1761328962679 937.0596818200825 38
1761329148353 934.2975612689156 39
1761329335562 932.0914223336621 40
1761329522339 929.4778025227574 41
1761329709970 928.0295002892228 42
1761329896651 926.4555502082492 43
1761330083178 923.852837795379 44
1761330270129 922.638140471677 45
