1761321874904 0.001 0
1761322061159 0.001 1
1761322247986 0.001 2
1761322436065 0.001 3
1761322622435 0.001 4
1761322809000 0.001 5
1761322994826 0.001 6
1761323181040 0.001 7
1761323368468 0.001 8
1761323555644 0.001 9
1761323741515 0.001 10
1761323926925 0.001 11
1761324112479 0.001 12
1761324298886 0.001 13
1761324484366 0.001 14
1761324669676 0.001 15
1761324855377 0.001 16
1761325040695 0.001 17
1761325226835 0.001 18
1761325412308 0.001 19
1761325598054 0.001 20
1761325783354 0.001 21
1761325968886 0.001 22
1761326155418 0.001 23
1761326342107 0.001 24
1761326529636 0.001 25
1761326716468 0.001 26
1761326902199 0.001 27
1761327092136 0.001 28
1761327278721 0.001 29
1761327464914 0.001 30
1761327651475 0.001 31
1761327840200 0.001 32
1761328027712 0.001 33
1761328215045 0.001 34
1761328400782 0.001 35
1761328587118 0.0005 36
1761328775551 0.0005 37
1761328962679 0.0005 38
1761329148353 0.0005 39
1761329335562 0.0005 40
1761329522339 0.0005 41
1761329709970 0.0005 42
1761329896651 0.0005 43
1761330083178 0.0005 44
1761330270129 0.0005 45
