1761330315837 0.001 0
1761330361461 0.001 1
1761330407449 0.001 2
1761330453518 0.001 3
1761330498847 0.001 4
1761330549486 0.001 5
1761330595822 0.001 6
1761330642474 0.001 7
1761330686910 0.001 8
1761330734609 0.001 9
1761330779831 0.001 10
1761330824871 0.001 11
1761330870105 0.001 12
1761330915142 0.001 13
1761330960129 0.001 14
1761331005484 0.001 15
1761331051042 0.001 16
1761331096142 0.001 17
1761331141117 0.001 18
1761331186095 0.001 19
1761331231198 0.001 20
1761331276062 0.001 21
1761331321338 0.001 22
1761331366407 0.001 23
1761331411363 0.001 24
1761331458460 0.001 25
1761331504313 0.001 26
1761331549245 0.001 27
1761331595065 0.001 28
1761331642904 0.001 29
1761331688255 0.001 30
1761331734547 0.001 31
1761331781374 0.001 32
1761331827760 0.001 33
1761331873639 0.001 34
1761331919991 0.001 35
1761331966654 0.001 36
1761332013510 0.001 37
1761332060732 0.001 38
1761332107240 0.001 39
1761332153053 0.001 40
1761332199410 0.001 41
1761332246485 0.001 42
1761332291950 0.001 43
1761332339273 0.001 44
1761332384373 0.001 45
1761332429927 0.001 46
1761332475774 0.001 47
1761332521017 0.001 48
1761332567223 0.001 49
1761332612023 0.001 50
1761332656146 0.001 51
1761332699770 0.001 52
1761332744055 0.001 53
1761332787740 0.001 54
1761332830983 0.001 55
1761332877172 0.001 56
1761332923400 0.0005 57
1761332968962 0.0005 58
1761333015615 0.0005 59
1761333060892 0.0005 60
1761333108856 0.0005 61
1761333156250 0.0005 62
1761333202958 0.0005 63
1761333251555 0.0005 64
1761333304720 0.0005 65
1761333357395 0.0005 66
