1761330315837 2654.750693673716 0
1761330361461 1050.4662595913944 1
1761330407449 1034.2049078145908 2
1761330453518 1027.0432741072714 3
1761330498847 1021.3819181616378 4
1761330549486 1015.0126021354283 5
1761330595822 1010.8557647786748 6
1761330642474 1006.3943147503334 7
1761330686910 1003.6687313536962 8
1761330734609 998.7032227234014 9
1761330779831 994.0292170283839 10
1761330824871 990.912784500417 11
1761330870105 986.1402287524335 12
1761330915142 983.5765533674129 13
1761330960129 981.0243819931807 14
1761331005484 977.6152374784825 15
1761331051042 975.4011405062328 16
1761331096142 974.1378443250336 17
1761331141117 971.3594278771715 18
1761331186095 967.5668234687598 19
1761331231198 964.4973934195136 20
1761331276062 961.9001052860982 21
1761331321338 959.2182771454175 22
1761331366407 958.2039204715726 23
1761331411363 956.2329258642274 24
1761331458460 955.3786914472668 25
1761331504313 953.53214984659 26
1761331549245 952.1673459209859 27
1761331595065 950.5121688094126 28
1761331642904 949.6676673764385 29
1761331688255 948.7545102766288 30
1761331734547 947.7704445268652 31
1761331781374 946.545704941717 32
1761331827760 944.2207669369564 33
1761331873639 943.812372621099 34
1761331919991 942.6711130859666 35
1761331966654 941.4264078267869 36
1761332013510 940.8325589055502 37
1761332060732 939.508548497232 38
1761332107240 938.460652741867 39
1761332153053 938.1844582967449 40
1761332199410 937.5784093951527 41
1761332246485 936.1313620030508 42
1761332291950 935.2062537641069 43
1761332339273 934.4697191758486 44
1761332384373 933.8433558486453 45
1761332429927 933.4445640162418 46
1761332475774 931.8016019305621 47
1761332521017 930.1402149138053 48
1761332567223 929.8030188881213 49
1761332612023 929.8571131873832 50
1761332656146 929.0576338392264 51
1761332699770 928.6359530972683 52
1761332744055 927.3285675275691 53
1761332787740 926.938156667863 54
1761332830983 927.7874649415369 55
1761332877172 926.7961166976216 56
1761332923400 925.5006757515582 57
1761332968962 920.1326608740075 58
1761333015615 918.4224805874446 59
1761333060892 918.3611788856036 60
1761333108856 917.0320551631495 61
1761333156250 916.9648012359193 62
1761333202958 916.1329797795228 63
1761333251555 916.7678625564507 64
1761333304720 915.8921425212823 65
1761333357395 915.4214759574843 66
