1761259460992 18002.580078125 0
1761259461054 17994.41796875 1
1761259461131 17981.197265625 2
1761259461200 17967.060546875 3
1761259461263 17947.44140625 4
1761259461325 17924.15234375 5
1761259461389 17890.587890625 6
1761259461457 17844.759765625 7
1761259461520 17796.53515625 8
1761259461589 17727.17578125 9
1761259461652 17645.458984375 10
1761259461721 17556.91015625 11
1761259461789 17438.61328125 12
1761259461852 17278.880859375 13
1761259461922 17142.265625 14
1761259461985 16865.193359375 15
1761259462047 16676.3515625 16
1761259462118 16380.6669921875 17
1761259462186 16120.3154296875 18
1761259462253 15746.896484375 19
1761259462321 15416.3837890625 20
1761259462381 14912.69921875 21
1761259462457 14400.109375 22
1761259462519 13993.0654296875 23
1761259462582 13233.5654296875 24
1761259462648 12858.4931640625 25
1761259462707 12063.6396484375 26
1761259462770 11501.794921875 27
1761259462839 10761.3916015625 28
1761259462902 10102.4462890625 29
1761259462974 9298.2607421875 30
1761259463045 8873.6650390625 31
1761259463127 7826.89599609375 32
1761259463207 7183.669921875 33
1761259463288 6546.337890625 34
1761259463360 6054.15625 35
1761259463437 5489.04296875 36
1761259463512 4682.7158203125 37
1761259463587 4394.216796875 38
1761259463659 4106.0537109375 39
1761259463738 3808.56787109375 40
1761259463804 3449.163818359375 41
1761259463872 3331.201416015625 42
1761259463950 3205.4560546875 43
1761259464020 3114.135986328125 44
1761259464091 2887.0068359375 45
1761259464159 2978.091064453125 46
1761259464235 2787.91162109375 47
1761259464304 2288.246337890625 48
1761259464376 2375.681884765625 49
1761259464453 2040.22900390625 50
1761259464527 1929.4818115234375 51
1761259464601 2009.65478515625 52
1761259464672 1960.90966796875 53
1761259464742 1911.039794921875 54
1761259464811 1711.6302490234375 55
1761259464880 1817.0960693359375 56
1761259464957 1668.96875 57
1761259465038 1869.3568115234375 58
1761259465110 1786.444580078125 59
1761259465179 1691.41259765625 60
1761259465249 1744.4140625 61
1761259465326 1787.369140625 62
1761259465396 1777.9593505859375 63
1761259465471 1817.36865234375 64
1761259465540 1787.980712890625 65
1761259465610 1590.6116943359375 66
1761259465686 1653.013427734375 67
1761259465756 1558.1181640625 68
1761259465830 1827.9832763671875 69
1761259465901 1768.072265625 70
1761259465978 1835.4136962890625 71
1761259466048 1762.2042236328125 72
1761259466120 1750.874267578125 73
1761259466194 1951.0823974609375 74
1761259466270 1813.3355712890625 75
1761259466342 1744.4163818359375 76
1761259466415 1788.7716064453125 77
1761259466492 1680.6806640625 78
1761259466566 1692.739990234375 79
1761259466638 1658.3629150390625 80
1761259466707 1709.4847412109375 81
1761259466785 1684.251708984375 82
1761259466860 1761.697998046875 83
1761259466936 1635.4910888671875 84
1761259467012 1649.557373046875 85
1761259467090 1632.5457763671875 86
1761259467188 1663.5889892578125 87
1761259467272 1653.505615234375 88
1761259467361 1566.2591552734375 89
1761259467452 1567.62646484375 90
1761259467550 1573.4320068359375 91
1761259467634 1640.5487060546875 92
1761259467714 1776.06982421875 93
1761259467797 1622.808837890625 94
1761259467887 1708.206298828125 95
1761259467985 1864.7144775390625 96
1761259468075 1766.914306640625 97
1761259468166 1647.70166015625 98
1761259468255 1737.78515625 99
1761259468339 1822.5426025390625 100
1761259468429 1598.02685546875 101
1761259468529 1685.5364990234375 102
1761259468617 1625.543701171875 103
1761259468706 1875.20166015625 104
1761259468791 1561.6405029296875 105
1761259468880 1561.2325439453125 106
1761259468964 1719.633544921875 107
1761259469061 1594.2652587890625 108
1761259469156 1495.1043701171875 109
1761259469241 1523.0755615234375 110
1761259469332 1730.5179443359375 111
1761259469415 1526.5194091796875 112
1761259469499 1409.34326171875 113
1761259469589 1689.9261474609375 114
1761259469677 1590.902587890625 115
1761259469767 1677.91650390625 116
1761259469858 1642.1663818359375 117
1761259469950 1757.3515625 118
1761259470040 1604.8582763671875 119
1761259470124 1539.7381591796875 120
1761259470223 1513.0985107421875 121
1761259470313 1610.14697265625 122
1761259470394 1544.641357421875 123
1761259470478 1589.147216796875 124
1761259470568 1584.8170166015625 125
1761259470665 1563.4554443359375 126
1761259470749 1637.4757080078125 127
1761259470838 1770.65087890625 128
1761259470922 1609.1363525390625 129
1761259471006 1639.4671630859375 130
1761259471096 1725.12646484375 131
1761259471182 1506.1531982421875 132
1761259471263 1427.407958984375 133
