1761259440048 18017.421875 0
1761259440333 18014.591796875 1
1761259440618 18009.611328125 2
1761259440902 17987.46875 3
1761259441187 17928.515625 4
1761259441479 17860.205078125 5
1761259441765 17748.53515625 6
1761259442052 17614.787109375 7
1761259442340 17452.52734375 8
1761259442619 17258.490234375 9
1761259442902 16971.8359375 10
1761259443180 16669.697265625 11
1761259443468 16326.7216796875 12
1761259443749 15896.970703125 13
1761259444034 15287.931640625 14
1761259444312 14698.3720703125 15
1761259444597 14021.23046875 16
1761259444881 13374.3056640625 17
1761259445166 12340.7451171875 18
1761259445444 11469.7685546875 19
1761259445729 10694.232421875 20
1761259446013 9586.8466796875 21
1761259446298 8684.2294921875 22
1761259446583 7729.40625 23
1761259446867 6833.42919921875 24
1761259447152 5826.14892578125 25
1761259447436 5172.2451171875 26
1761259447721 5153.75830078125 27
1761259448006 4534.79150390625 28
1761259448284 4456.1650390625 29
1761259448572 4387.4462890625 30
1761259448859 4350.48388671875 31
1761259449138 5542.2421875 32
1761259449423 5042.0966796875 33
1761259449714 5274.99267578125 34
1761259449992 5107.6728515625 35
1761259450277 5160.11376953125 36
1761259450562 5131.68896484375 37
1761259450839 4631.44189453125 38
1761259451128 4494.56103515625 39
1761259451415 4070.546142578125 40
1761259451651 4280.60888671875 41
1761259451884 3723.39599609375 42
1761259452117 3631.038330078125 43
1761259452354 4000.6796875 44
1761259452589 4336.3193359375 45
1761259452818 3889.768310546875 46
1761259453056 3967.946533203125 47
1761259453290 4224.95751953125 48
1761259453520 3891.69873046875 49
1761259453756 3718.07666015625 50
1761259453992 3905.818603515625 51
1761259454221 4009.5234375 52
1761259454457 3794.747802734375 53
1761259454686 3816.0126953125 54
1761259454926 3590.172607421875 55
1761259455159 3630.904541015625 56
1761259455395 3686.845703125 57
1761259455636 3907.26904296875 58
1761259455867 4110.8271484375 59
1761259456110 3785.796142578125 60
1761259456346 4101.9072265625 61
1761259456584 3927.1533203125 62
1761259456822 3751.3125 63
1761259457055 3683.40771484375 64
1761259457291 3631.285888671875 65
1761259457545 3648.726318359375 66
1761259457784 3781.62353515625 67
1761259458020 3491.78662109375 68
1761259458256 3705.834228515625 69
1761259458492 3629.234375 70
1761259458733 3914.27978515625 71
1761259458964 3556.305908203125 72
1761259459200 3441.9013671875 73
1761259459446 3603.03271484375 74
1761259459680 3464.337890625 75
1761259459919 4044.996337890625 76
1761259460157 3784.51123046875 77
1761259460395 3852.71728515625 78
1761259460631 4005.96728515625 79
