1761253733108 4486.711188641716 0
1761253741337 2885.718510275448 1
1761253749148 2502.4685542566635 2
1761253756963 2443.7348528155158 3
1761253764794 2402.0199322509766 4
1761253772641 2381.0571377383962 5
1761253780432 2320.228346342199 6
1761253788433 2702.5784805836397 7
1761253796286 2524.4821465346395 8
1761253803779 2458.0334097828586 9
1761253811737 2439.8970980655445 10
1761253819480 2422.1875938864314 11
1761253827334 2425.7940358599494 12
1761253835174 2418.961697656968 13
1761253843063 2403.3270989990233 14
1761253850953 2405.2567171343635 15
1761253858848 2390.834170352711 16
1761253866714 2383.4832815731274 17
1761253874353 2397.075176463408 18
1761253882151 2378.4631399356617 19
1761253889772 2389.7935956887636 20
1761253897431 2361.696627161363 21
1761253904963 2384.802021592084 22
1761253912782 2374.411204026166 23
1761253920460 2377.057438103171 24
1761253927969 2357.69005302878 25
1761253935428 2368.2615509392235 26
1761253942934 2353.83585357666 27
1761253950448 2361.4230390122357 28
1761253957969 2366.7291050091912 29
1761253965516 2339.096304393095 30
1761253973291 2356.320504401712 31
1761253981089 2339.3238426298253 32
1761253988976 2344.729836066751 33
1761253996747 2340.4884488453586 34
1761254004522 2324.547117955825 35
1761254012427 2314.422860735725 36
1761254020461 2355.6419285673255 37
1761254028601 2316.115974659639 38
1761254036919 2353.293642254998 39
1761254045080 2316.252105246151 40
1761254053250 2291.3909373204847 41
1761254061443 2289.0925468534583 42
1761254069360 2309.533345013787 43
1761254077242 2297.3272703103457 44
1761254085048 2297.978917990292 45
1761254093999 2308.7329366885915 46
1761254102133 2277.6397457526714 47
1761254109978 2285.4693352553422 48
1761254117749 2295.716014763327 49
1761253733108 4486.711188641716 0
