1761253733108 34.99271774291992 0
1761253741337 28.418731689453125 1
1761253749148 26.34326934814453 2
1761253756963 25.654165267944336 3
1761253764794 24.652847290039062 4
1761253772641 24.08797836303711 5
1761253780432 23.71649169921875 6
1761253788433 27.920265197753906 7
1761253796286 26.026247024536133 8
1761253803779 25.086984634399414 9
1761253811737 24.8800048828125 10
1761253819480 24.731861114501953 11
1761253827334 24.657371520996094 12
1761253835174 24.598726272583008 13
1761253843063 24.473947525024414 14
1761253850953 24.420364379882812 15
1761253858848 24.346921920776367 16
1761253866714 24.28590202331543 17
1761253874353 24.316129684448242 18
1761253882151 24.157573699951172 19
1761253889772 24.233186721801758 20
1761253897431 24.06348419189453 21
1761253904963 24.12973976135254 22
1761253912782 24.068500518798828 23
1761253920460 24.043956756591797 24
1761253927969 23.992900848388672 25
1761253935428 24.002275466918945 26
1761253942934 23.90072250366211 27
1761253950448 23.90961265563965 28
1761253957969 23.95873260498047 29
1761253965516 23.767791748046875 30
1761253973291 23.87751007080078 31
1761253981089 23.77410888671875 32
1761253988976 23.750038146972656 33
1761253996747 23.712989807128906 34
1761254004522 23.63103675842285 35
1761254012427 23.543663024902344 36
1761254020461 23.67086410522461 37
1761254028601 23.375865936279297 38
1761254036919 23.618715286254883 39
1761254045080 23.35236167907715 40
1761254053250 23.307363510131836 41
1761254061443 23.208885192871094 42
1761254069360 23.35474395751953 43
1761254077242 23.278345108032227 44
1761254085048 23.26506233215332 45
1761254093999 23.320430755615234 46
1761254102133 23.155120849609375 47
1761254109978 23.174270629882812 48
1761254117749 23.17022132873535 49
1761253733108 34.99271774291992 0
