1761260554113 18016.875 0
1761260554252 18007.111328125 1
1761260554369 17995.693359375 2
1761260554504 17982.373046875 3
1761260554571 17964.87890625 4
1761260554665 17945.73046875 5
1761260554753 17917.154296875 6
1761260554844 17890.3671875 7
1761260554935 17842.1171875 8
1761260555068 17793.73828125 9
1761260555188 17727.26953125 10
1761260555279 17659.6640625 11
1761260555363 17571.9921875 12
1761260555468 17450.197265625 13
1761260555551 17344.59765625 14
1761260555639 17202.576171875 15
1761260555737 17010.51953125 16
1761260555856 16818.541015625 17
1761260555961 16589.3046875 18
1761260556050 16376.80859375 19
1761260556149 16061.71484375 20
1761260556255 15676.556640625 21
1761260556347 15300.2587890625 22
1761260556440 14929.27734375 23
1761260556535 14380.1240234375 24
1761260556663 14064.45703125 25
1761260556771 13452.5771484375 26
1761260556857 12964.2646484375 27
1761260556947 12572.9345703125 28
1761260557034 11881.2373046875 29
1761260557123 11040.60546875 30
1761260557216 10419.5 31
1761260557340 9444.9052734375 32
1761260557434 8796.4228515625 33
1761260557529 8114.53125 34
1761260557664 7520.6328125 35
1761260557766 6491.3916015625 36
1761260557867 5924.23095703125 37
1761260557966 5238.51220703125 38
1761260558065 4709.55322265625 39
1761260558167 4088.892822265625 40
1761260558272 3984.059326171875 41
1761260558385 3194.552490234375 42
1761260558554 2870.791015625 43
1761260558653 2585.75537109375 44
1761260558757 2571.5546875 45
1761260558853 2443.533203125 46
1761260558946 2238.507568359375 47
1761260559037 2280.32470703125 48
1761260559140 1980.1927490234375 49
1761260559246 2068.8388671875 50
1761260559366 2222.36279296875 51
1761260559466 1997.036865234375 52
1761260559561 2098.916259765625 53
1761260559659 2014.7239990234375 54
1761260559748 2045.6529541015625 55
1761260559851 1683.52685546875 56
1761260559946 1922.34619140625 57
1761260560085 1761.52587890625 58
1761260560229 2053.09130859375 59
1761260560327 1899.53369140625 60
1761260560431 1905.38916015625 61
1761260560530 1858.975830078125 62
1761260560630 1796.2371826171875 63
1761260560735 1763.9202880859375 64
1761260560834 1797.9761962890625 65
1761260560962 1567.5098876953125 66
1761260561098 1759.8472900390625 67
1761260561205 1803.3839111328125 68
1761260561323 1781.6820068359375 69
1761260561422 1719.928466796875 70
1761260561538 1609.091552734375 71
1761260561649 1805.1397705078125 72
1761260561752 1546.87255859375 73
1761260561869 1589.14697265625 74
1761260561986 1669.5552978515625 75
1761260562092 1883.1959228515625 76
1761260562184 1645.6956787109375 77
1761260562286 1745.716552734375 78
1761260562388 1669.9520263671875 79
1761260562488 1649.2596435546875 80
1761260562591 1728.6728515625 81
1761260562682 1747.135498046875 82
1761260562814 1564.4002685546875 83
1761260562923 1714.3148193359375 84
1761260563019 1659.95458984375 85
1761260563119 1731.3798828125 86
1761260563223 1700.9442138671875 87
1761260563322 1836.6239013671875 88
1761260563424 1588.4261474609375 89
1761260563522 1602.8148193359375 90
1761260563624 1786.0435791015625 91
1761260563739 1478.52099609375 92
1761260563871 1563.8739013671875 93
1761260563989 1667.589111328125 94
1761260564113 1645.9776611328125 95
1761260564200 1618.16748046875 96
1761260564295 1623.07666015625 97
1761260564392 1483.281982421875 98
1761260564488 1632.3226318359375 99
1761260564586 1508.893310546875 100
1761260564702 1572.5128173828125 101
1761260564801 1540.480712890625 102
1761260564901 1607.8468017578125 103
1761260564996 1668.52197265625 104
1761260565092 1571.69384765625 105
1761260565196 1544.72021484375 106
1761260565299 1670.1949462890625 107
1761260565419 1482.4013671875 108
1761260565524 1735.2254638671875 109
1761260565619 1534.7666015625 110
1761260565731 1618.3468017578125 111
