1761260532363 18014.28515625 0
1761260532662 18010.384765625 1
1761260532973 18006.0625 2
1761260533263 17991.984375 3
1761260533551 17946.91015625 4
1761260533837 17882.154296875 5
1761260534126 17789.447265625 6
1761260534416 17681.46484375 7
1761260534699 17549.671875 8
1761260534986 17348.72265625 9
1761260535268 17092.62890625 10
1761260535559 16777.142578125 11
1761260535842 16401.560546875 12
1761260536131 16046.501953125 13
1761260536413 15557.1845703125 14
1761260536693 15015.625 15
1761260536974 14490.494140625 16
1761260537254 13711.7470703125 17
1761260537537 12840.4560546875 18
1761260537820 11815.8466796875 19
1761260538100 11206.462890625 20
1761260538385 10059.5302734375 21
1761260538667 9238.345703125 22
1761260538948 8370.4140625 23
1761260539232 7445.50927734375 24
1761260539515 6529.49169921875 25
1761260539822 5850.806640625 26
1761260540141 5512.6806640625 27
1761260540451 4734.38720703125 28
1761260540760 4614.47607421875 29
1761260541073 4758.68896484375 30
1761260541413 5125.18115234375 31
1761260541721 4807.75341796875 32
1761260542045 5046.74951171875 33
1761260542363 5386.19677734375 34
1761260542701 5182.6015625 35
1761260543020 5132.87646484375 36
1761260543325 5206.54296875 37
1761260543624 4387.65966796875 38
1761260543929 4642.3984375 39
1761260544239 4286.8134765625 40
1761260544477 4236.740234375 41
1761260544721 3783.744873046875 42
1761260544963 3783.896728515625 43
1761260545214 3806.55517578125 44
1761260545456 3934.693603515625 45
1761260545693 3628.39453125 46
1761260545938 4120.638671875 47
1761260546186 4001.30859375 48
1761260546429 3477.861572265625 49
1761260546682 3792.962890625 50
1761260546922 3819.74560546875 51
1761260547165 3876.62353515625 52
1761260547408 3828.73193359375 53
1761260547658 3804.582763671875 54
1761260547901 3808.405517578125 55
1761260548165 3631.136962890625 56
1761260548415 3731.7724609375 57
1761260548659 3799.18603515625 58
1761260548908 3770.494873046875 59
1761260549151 3674.94140625 60
1761260549395 3806.0537109375 61
1761260549637 3722.72412109375 62
1761260549884 3798.692138671875 63
1761260550123 3941.683837890625 64
1761260550380 3819.9443359375 65
1761260550630 3955.93603515625 66
1761260550873 3615.632080078125 67
1761260551116 4102.44873046875 68
1761260551365 3670.0986328125 69
1761260551609 3567.712890625 70
1761260551852 3892.450927734375 71
1761260552096 3899.359130859375 72
1761260552354 3797.440185546875 73
1761260552597 3880.310302734375 74
1761260552846 3798.3251953125 75
1761260553091 3470.813232421875 76
1761260553333 3781.0517578125 77
1761260553583 3760.156982421875 78
1761260553826 3926.056884765625 79
